6 6 4 0 0 0 0 
2.0 21.0 40.0 30.0 
1.0 0.0 0.0 
0.0 1.0 0.0 
0.0 0.0 1.0 
128 128 128 
2
0 0 255 
2.0 2.0 0.0 
-0.9971935 0.003741877 -0.074773334 
0.0 0.9987502 0.04998039 
0.0748669 0.049840122 -0.99594724 
7
-2.128 1.5983999
-2.112 1.1952
-2.112 0.17279999
-0.696 0.216
1.104 1.4111999
2.088 0.87839997
2.064 0.41759998
0 255 255 
2.0 0.0 2.0 
-0.27558374 -0.04804619 0.9600756 
0.0 0.99875015 0.049981624 
-0.96127707 0.013774123 -0.27523932 
5
-0.232 -1.3536
0.103999995 -0.072
-0.088 1.7567999
0.584 1.7423999
0.97599995 1.8
